// Test Case 1
--- Input
7 5
1 7 3 2 5 6 4
3 1 7 5 4

--- Output
30

----------------------------------

// Test Case 2
--- Input
10 10
1 2 3 4 5 6 7 8 9 10
10 9 8 7 6 5 4 3 2 1

--- Output
180

----------------------------------

// Test Case 3
--- Input
1000 100
597 308 533 365 181 869 321 39 755 366 237 127 633 494 721 900 225 764 356 521 245 562 320 116 842 873 328 965 15 652 100 919 726 466 275 102 467 980 611 353 577 386 999 586 657 463 413 646 384 696 334 716 817 731 938 481 624 281 583 70 489 818 80 741 547 823 529 496 27 706 807 432 274 322 545 119 986 428 419 146 296 2 314 510 784 838 848 209 318 844 247 638 36 20 653 513 206 937 698 978 404 781 390 959 871 107 998 508 735 375 137 697 143 632 204 573 942 685 973 222 147 861 383 738 34 346 190 568 607 945 173 530 557 975 863 590 893 342 528 132 277 794 408 702 733 763 227 983 935 991 724 411 66 57 370 207 617 7 285 163 301 588 713 819 326 681 393 93 18 194 17 196 347 125 563 850 339 948 325 680 410 585 897 594 843 722 226 484 26 457 178 599 629 758 16 416 106 177 330 224 582 41 747 553 232 234 114 123 984 113 374 30 892 827 612 303 534 64 297 839 5 565 880 542 890 405 124 472 471 251 46 972 373 435 660 355 872 216 745 774 761 189 151 294 357 166 400 734 231 441 85 129 832 250 287 426 667 499 709 290 695 221 692 385 473 672 808 666 453 628 805 662 469 727 447 497 203 269 993 964 184 495 641 37 53 448 824 683 465 343 799 567 276 478 806 22 488 643 450 787 486 327 94 491 110 272 164 104 280 271 62 253 951 6 12 122 801 98 985 89 865 911 3 649 767 720 874 149 193 570 943 962 456 208 172 656 358 866 254 790 905 95 822 857 579 968 389 651 43 439 118 538 655 828 515 780 712 952 977 133 665 165 500 851 654 180 23 233 621 686 574 877 329 906 421 732 103 52 86 378 77 941 601 947 751 926 82 240 47 791 1 635 616 159 888 710 640 244 907 786 989 826 307 186 477 1000 223 927 155 541 708 134 795 719 909 91 840 288 60 266 90 746 117 304 744 217 671 668 703 785 406 167 554 940 188 25 414 259 539 142 359 886 854 591 345 279 283 527 836 128 437 847 974 120 728 960 548 797 921 417 729 630 361 936 809 788 967 615 67 846 522 625 813 260 423 765 949 263 609 932 154 898 523 619 284 63 894 338 760 8 939 29 715 803 950 440 157 480 65 241 811 870 490 908 238 564 876 509 213 783 312 546 202 212 286 262 971 83 701 659 44 536 796 470 916 750 160 770 270 914 882 572 705 451 810 756 997 402 608 718 33 351 130 963 934 273 700 299 185 179 889 992 239 380 707 507 558 800 682 605 96 392 352 966 289 550 501 581 436 953 230 578 922 669 382 944 309 341 946 376 84 48 498 694 235 105 201 335 479 622 647 81 580 589 162 49 762 976 994 676 111 571 679 175 925 145 620 462 902 485 979 742 256 769 757 789 264 257 853 663 324 195 549 690 520 219 422 511 920 126 931 928 792 556 368 740 10 431 503 387 156 56 344 969 88 834 199 379 904 996 933 782 885 121 265 340 333 261 675 131 915 153 912 55 604 252 559 830 752 197 40 711 593 443 982 311 618 879 532 243 401 174 152 862 79 438 891 397 759 483 396 242 69 771 699 798 350 391 50 444 399 198 229 74 315 955 323 258 394 442 502 802 395 293 474 313 821 913 923 464 332 584 687 267 634 446 454 592 895 627 835 852 316 543 476 961 424 295 363 504 45 689 459 883 75 228 24 600 317 108 551 754 670 61 21 138 468 901 246 860 11 403 723 78 141 648 613 516 331 136 736 636 661 97 814 59 930 210 512 864 555 825 182 192 875 924 910 981 377 76 58 631 407 896 176 970 642 743 610 833 487 452 68 282 772 72 958 140 899 859 14 9 531 779 623 569 644 475 214 639 815 929 87 614 626 693 849 415 514 677 990 73 54 524 144 425 674 606 820 587 739 603 170 19 291 455 596 409 856 433 766 298 845 837 691 398 517 804 205 32 158 211 381 598 371 773 367 505 884 664 148 306 540 249 168 858 183 995 135 704 777 319 903 768 918 115 688 429 658 878 200 537 748 841 336 268 255 525 887 684 881 460 737 28 161 518 576 575 388 673 348 51 139 775 150 99 678 354 595 458 171 38 957 310 292 220 461 71 31 362 650 987 191 492 793 337 956 917 427 349 187 42 778 305 430 749 506 4 645 776 13 544 493 519 988 218 812 278 526 831 725 418 868 420 714 248 552 215 300 169 637 236 412 855 535 92 561 372 434 753 829 602 816 109 730 560 867 566 482 445 360 112 369 954 35 101 449 302 717 364
53 342 42 733 763 227 991 724 411 66 57 370 207 617 7 285 100 224 41 747 232 23 123 984 113 37 30 87 5 565 880 554 251 46 972 373 435 660 3 774 761 1892 25 41 692 385 473 672 808 66 805 993 964 184 94 480 271 62 253 951 6 12 14 149 195 95 822 780 70 23 234 871 19 903 768 90 537 748 841 336 268 255 525 684 337 956 917 427 87 42 778 305 430 7 441 112 369 954 35 302 717

--- Output
82598
